19	81	0.002035379
19	68	0.002210855
60	74	0.002352297
60	73	0.002505779
19	70	0.002610207
19	69	0.002629697
60	67	0.002707839
41	82	0.00271678
33	72	0.002729177
9	28	0.002934217
19	71	0.003054529
56	69	0.003060162
19	72	0.003147602
51	53	0.003171533
21	36	0.003179967
59	81	0.003234982
53	68	0.003298908
59	74	0.003308117
57	69	0.003329962
63	81	0.003369331
22	28	0.003404498
51	54	0.003453791
42	71	0.003552198
40	54	0.003585815
19	80	0.003617167
42	70	0.003656149
60	75	0.003659666
52	55	0.003838062
59	83	0.003870308
57	70	0.003881365
19	79	0.003899574
32	58	0.003912926
41	42	0.00396347
53	67	0.003984332
56	73	0.003996193
9	27	0.003997684
59	82	0.00402534
45	66	0.004042029
24	81	0.004045904
19	82	0.00406611
29	60	0.004141331
23	39	0.004189253
25	55	0.004204452
57	71	0.004213601
62	65	0.004268676
54	71	0.00428316
61	77	0.004286706
59	70	0.004296184
24	80	0.004315943
57	68	0.004320145
41	71	0.004351854
61	78	0.004354477
23	49	0.004434586
57	64	0.004449576
59	75	0.004519761
60	64	0.0045259
35	38	0.00455898
64	68	0.004563987
41	70	0.004587054
40	84	0.004624844
4	29	0.004627943
61	68	0.004693329
20	23	0.004751921
59	73	0.004760802
19	53	0.004778013
20	30	0.004782975
60	76	0.004793525
19	63	0.004796863
80	83	0.004821837
66	73	0.004826486
60	63	0.004834414
60	65	0.004844308
41	72	0.004855275
60	72	0.004891485
66	67	0.004893869
56	64	0.004900187
53	70	0.004924834
56	83	0.004968107
12	20	0.005003214
72	77	0.005051851
23	59	0.005126446
22	55	0.005140066
12	62	0.005145311
41	53	0.005159855
20	22	0.005186319
66	78	0.005199224
20	33	0.005213171
64	67	0.005222321
20	31	0.005258143
4	52	0.005271196
64	70	0.005273461
48	83	0.00527668
10	78	0.0053339
9	63	0.005347133
23	25	0.005368665
48	56	0.005428493
18	67	0.005438685
25	32	0.005439758
64	69	0.005440354
65	66	0.005440533
24	56	0.005454659
51	78	0.005467772
53	69	0.005483866
27	82	0.0055058
32	68	0.005516052
12	58	0.005527616
77	83	0.005532622
59	84	0.005543649
12	16	0.00557518
31	49	0.005589008
20	28	0.005592227
24	62	0.005616814
42	77	0.005617142
66	76	0.00562267
61	75	0.0056355
60	68	0.005640805
25	46	0.005679011
23	31	0.005679905
68	79	0.00568527
68	72	0.005699396
73	82	0.005706757
30	69	0.005710125
45	59	0.005723774
80	84	0.005725473
22	83	0.005746543
41	58	0.005762726
56	82	0.005762935
44	60	0.005780458
59	80	0.005808711
24	37	0.005825162
41	77	0.0058285
66	75	0.005828843
40	53	0.00583601
12	59	0.005861521
62	66	0.005862772
61	67	0.005872399
62	63	0.005884767
45	64	0.005887806
48	74	0.005897403
67	81	0.005910993
38	58	0.005912662
23	44	0.00593102
32	41	0.005937934
26	74	0.005947739
24	47	0.005963087
24	33	0.005971432
19	74	0.005985618
25	27	0.005992323
59	68	0.005994409
28	50	0.006030083
68	78	0.006031603
66	68	0.006036401
24	83	0.00604409
19	30	0.006048054
66	74	0.006060675
1	73	0.006064743
19	73	0.006067634
56	81	0.006076217
63	71	0.00608182
63	74	0.006099895
23	58	0.006100833
62	79	0.006108344
20	32	0.006111085
48	57	0.006128192
56	58	0.006129384
45	50	0.006142974
12	61	0.006169319
61	84	0.006190777
59	65	0.006218851
56	74	0.006229222
15	83	0.006239556
48	66	0.006240368
10	40	0.006246567
50	62	0.006252408
57	60	0.006263733
19	78	0.006282568
23	38	0.006285906
46	63	0.006288886
59	72	0.006289661
51	56	0.00629735
18	44	0.006312728
23	26	0.006318182
32	42	0.006321788
56	59	0.006351709
35	37	0.006372899
23	60	0.006379724
33	83	0.006386042
67	75	0.006386131
57	65	0.006400257
73	75	0.006415129
66	77	0.00642626
48	78	0.006428272
72	78	0.006438017
32	69	0.006448746
20	29	0.006451666
18	79	0.006453991
78	84	0.006484866
61	83	0.006485939
57	61	0.006533742
42	50	0.00653404
12	19	0.006537914
56	80	0.006594896
28	71	0.006597519
33	82	0.00661087
43	81	0.006625533
24	82	0.006629616
24	61	0.006634235
18	23	0.006639928
57	66	0.006668627
24	59	0.006669939
12	60	0.006671667
38	72	0.006677628
48	55	0.006679088
70	72	0.006698191
56	79	0.006703973
39	69	0.006732225
61	72	0.006774575
19	51	0.006792441
56	72	0.006801412
63	77	0.006810427
24	60	0.0068115
28	39	0.006814718
31	74	0.006818533
24	28	0.006819829
2	3	0.006821558
23	83	0.006823912
24	55	0.006834805
20	65	0.00685361
56	76	0.006857932
63	73	0.006860942
25	54	0.006870359
69	72	0.006884217
30	36	0.006886005
18	53	0.006887451
63	72	0.006899238
54	62	0.006904244
20	26	0.006906301
74	81	0.006908849
18	25	0.006928951
40	42	0.006998301
56	61	0.007026553
24	31	0.007029355
12	17	0.00704205
9	64	0.007046759
61	66	0.00706473
40	43	0.00707531
41	43	0.00708437
19	39	0.007090598
65	76	0.007096022
23	40	0.007115602
59	71	0.007118717
56	75	0.007124186
68	74	0.007124469
64	84	0.007127285
24	38	0.007157683
68	80	0.007163525
58	70	0.007196546
67	74	0.007203043
40	49	0.007223845
74	79	0.00722599
42	82	0.007229805
27	79	0.007240981
51	55	0.007243305
53	72	0.007266074
18	65	0.007268578
12	18	0.007268906
71	73	0.007280976
28	62	0.007282257
59	76	0.007285178
20	27	0.007307649
11	84	0.00731349
65	75	0.007326305
19	23	0.007329494
73	80	0.007342815
9	35	0.007352829
70	78	0.007364124
62	81	0.00736475
25	61	0.007377014
33	55	0.007389307
46	68	0.007400274
39	74	0.007400393
66	79	0.007407501
23	37	0.007413805
56	77	0.007416785
31	48	0.007454991
70	71	0.007455811
62	76	0.007459491
57	67	0.007464826
62	84	0.007484406
28	40	0.007485867
25	36	0.0074929
62	80	0.007500648
24	57	0.007516623
23	62	0.007520348
25	58	0.007521331
46	77	0.007530421
65	70	0.007533938
21	62	0.007540941
23	82	0.007560134
20	48	0.007560611
54	55	0.007571757
38	59	0.007576466
41	48	0.007579207
59	77	0.007598281
56	60	0.007604837
29	62	0.007623672
9	17	0.007640123
41	59	0.007646978
19	76	0.007650971
13	21	0.007652164
48	82	0.00765276
48	68	0.007701159
13	31	0.00770998
26	75	0.007717252
56	62	0.007731557
23	30	0.007738352
76	78	0.007740825
25	39	0.007753611
20	21	0.007753849
68	81	0.007763147
75	78	0.007785201
60	71	0.007799536
61	79	0.007805467
11	83	0.007809043
23	50	0.007835746
40	64	0.007841468
33	56	0.007842958
40	65	0.007848501
3	66	0.007855415
53	73	0.007856265
41	81	0.007876396
25	26	0.007878929
15	51	0.007887483
50	61	0.007890403
53	78	0.007890701
78	82	0.007891655
45	65	0.007894635
48	81	0.007897854
69	73	0.007920578
24	46	0.007922292
39	60	0.007923126
75	79	0.007936478
63	64	0.007958055
50	63	0.007960558
54	56	0.007963538
30	70	0.007974863
58	71	0.007977843
71	74	0.007979423
40	66	0.007992983
61	69	0.007993698
3	22	0.00799603
63	68	0.008009195
58	66	0.008039594
23	61	0.008053899
25	56	0.008062959
23	36	0.008072615
11	44	0.008072853
50	84	0.008073866
39	70	0.008075476
19	57	0.008087158
40	55	0.008087635
64	66	0.00810045
73	79	0.008117437
56	66	0.008124486
51	59	0.008129448
24	49	0.008138716
19	75	0.008145928
63	67	0.008150846
64	83	0.00815478
40	44	0.008170962
20	51	0.008178562
55	77	0.00818786
29	73	0.008191109
58	65	0.008203626
25	40	0.008208394
54	64	0.008215964
21	56	0.008246571
65	77	0.008249164
25	45	0.008254528
51	64	0.008258104
69	71	0.00826627
45	81	0.008275628
11	43	0.008308947
26	73	0.00831452
60	66	0.008317292
42	51	0.008335114
56	71	0.008338034
62	83	0.008342952
21	39	0.008344948
45	75	0.008358806
63	78	0.008360565
62	75	0.008365721
24	39	0.008385837
50	57	0.00839448
41	83	0.008401155
60	83	0.008402973
20	49	0.008404195
64	77	0.008406088
41	52	0.008416176
18	74	0.008416206
25	59	0.008420229
16	65	0.008441567
4	28	0.008445978
37	83	0.008445978
43	47	0.008446276
53	71	0.008453533
23	42	0.00847733
56	63	0.008480549
24	63	0.008508801
59	78	0.008511245
66	84	0.008522809
25	48	0.00853011
27	80	0.008544475
14	29	0.008546352
42	72	0.008548021
18	21	0.008573994
47	65	0.008576989
20	24	0.008587539
37	84	0.008589208
18	52	0.008602031
24	58	0.008621991
51	72	0.008622408
66	83	0.00863564
29	72	0.008646727
30	81	0.008665562
41	63	0.00866574
8	67	0.0086658
55	69	0.00867641
23	28	0.008677244
51	57	0.008678168
25	35	0.008686543
38	39	0.008694828
27	37	0.008695453
60	70	0.008704275
23	65	0.008709669
45	73	0.008713961
52	82	0.008717895
54	77	0.008727312
51	71	0.008747935
24	36	0.008755177
48	80	0.008759022
18	37	0.008762509
62	82	0.008769944
47	74	0.008770287
41	64	0.008775115
78	83	0.008775949
63	69	0.00877738
13	55	0.008779526
42	52	0.008789182
30	82	0.008795977
31	47	0.008800626
60	69	0.008815408
13	75	0.008818626
20	25	0.008823395
24	40	0.008830309
29	66	0.008831978
25	60	0.008856118
24	84	0.0088633
44	71	0.00887537
42	47	0.008885384
19	65	0.008890569
29	61	0.008893967
12	50	0.008901238
23	52	0.008915544
53	59	0.008935034
52	74	0.008937359
54	70	0.008951932
19	58	0.008959651
37	80	0.008961201
56	70	0.008961409
48	79	0.008965433
9	16	0.008985758
63	79	0.008991778
9	25	0.008992195
47	50	0.008992821
65	71	0.008995771
27	84	0.008997977
10	77	0.008998632
46	70	0.009012163
16	45	0.009012505
23	48	0.009023428
44	76	0.009030163
47	60	0.009039342
29	54	0.009042621
63	82	0.009047374
20	71	0.0090518
35	65	0.00909315
16	66	0.009111419
15	82	0.0091158
66	82	0.009130776
73	81	0.009131044
34	45	0.00914076
77	79	0.009148061
18	20	0.009155095
19	45	0.009156466
35	39	0.009159327
30	55	0.009169221
40	47	0.009187579
31	73	0.009204268
29	58	0.009208202
22	82	0.009212136
59	67	0.009217292
58	80	0.009231448
24	45	0.009254813
1	71	0.009286165
57	59	0.009303689
45	63	0.009308577
39	75	0.009308755
21	40	0.009315819
36	59	0.00932458
25	44	0.009325981
46	78	0.009336829
23	72	0.009365976
45	62	0.009378791
46	80	0.009383053
11	18	0.009390831
43	48	0.009392798
42	63	0.009400249
33	36	0.009408712
22	48	0.009423018
69	81	0.009479403
28	78	0.009480298
51	80	0.009492338
40	60	0.009500504
50	72	0.00950855
47	62	0.00951159
75	77	0.009512544
19	62	0.009519637
23	27	0.009538442
42	49	0.009545684
30	71	0.009551525
67	78	0.00956285
63	83	0.009567998
38	70	0.009578705
27	78	0.009582043
32	67	0.009585857
13	34	0.009589672
29	67	0.00959301
9	72	0.009593964
30	63	0.00959897
19	66	0.009607106
3	23	0.009628654
5	17	0.009661868
45	80	0.009666562
43	53	0.009680629
1	70	0.009682357
16	78	0.009683013
24	25	0.009685427
4	23	0.009698153
24	54	0.009710789
9	18	0.009713531
20	41	0.009716988
24	30	0.009721816
61	73	0.009726405
29	56	0.009734511
51	58	0.009737313
12	83	0.009744585
41	61	0.009755552
38	71	0.009757996
8	68	0.009759903
33	71	0.009762228
37	81	0.00977768
30	44	0.009778738
13	64	0.009779453
53	75	0.009803914
33	81	0.009814739
47	68	0.009819925
24	41	0.00982821
43	44	0.00983429
9	36	0.009836912
52	56	0.009845614
63	70	0.009857774
25	29	0.009863481
18	22	0.009872139
18	76	0.009876169
25	34	0.009879231
33	80	0.009880006
25	57	0.009885132
30	67	0.009886742
24	27	0.009893
62	70	0.009898007
63	65	0.009905875
13	30	0.00990963
68	77	0.009918645
28	53	0.009952188
51	77	0.009960055
21	42	0.009961143
35	66	0.009967968
25	38	0.009973764
52	54	0.009974122
46	69	0.009980619
46	82	0.01000386
19	28	0.01002472
23	55	0.01003813
46	79	0.0100483
59	69	0.01005041
23	56	0.01006674
25	74	0.01006984
23	84	0.01007625
33	38	0.01009088
43	72	0.01009905
29	31	0.01010125
48	51	0.0101071
11	24	0.01012039
25	42	0.01012647
45	78	0.01013231
58	72	0.01014101
9	60	0.01015293
40	61	0.01015973
25	43	0.01016759
43	80	0.0101692
47	49	0.0101714
49	69	0.01017344
59	64	0.01018011
38	46	0.01019689
8	65	0.01019954
12	41	0.01020395
41	75	0.01022064
18	19	0.01023247
24	43	0.01025986
18	71	0.01027476
20	73	0.01027514
22	64	0.01027616
38	78	0.010293
24	48	0.01029306
25	37	0.01029801
16	39	0.01032155
6	25	0.01032209
18	24	0.01032373
60	62	0.01034319
17	60	0.01034805
45	70	0.01036596
2	71	0.0103693
19	38	0.01037518
45	47	0.01039673
27	38	0.01039718
54	63	0.01040755
62	78	0.01040813
30	76	0.01042175
16	30	0.01042509
16	25	0.01042847
37	38	0.01042905
48	72	0.01042953
19	29	0.0104371
45	74	0.01044386
25	33	0.01047706
32	57	0.01049786
46	81	0.01049947
62	74	0.01053544
49	78	0.01053631
23	41	0.01053881
62	71	0.01054006
71	81	0.01054312
25	50	0.01054501
20	34	0.01057386
23	79	0.01059627
39	45	0.01060342
58	84	0.01060417
3	38	0.01061439
30	80	0.01062011
24	44	0.01062083
43	74	0.01063215
25	51	0.01064384
27	83	0.01064521
55	61	0.01068162
46	83	0.0106827
54	74	0.01068651
19	61	0.010701
57	62	0.01070147
17	47	0.01070272
29	59	0.01072454
38	81	0.01073026
67	76	0.01073145
42	46	0.0107336
59	60	0.01073452
57	63	0.01074081
24	52	0.01074528
41	60	0.01075199
48	84	0.01075989
57	58	0.01076757
56	67	0.01076921
6	54	0.01077461
42	65	0.01078957
67	79	0.0107918
36	60	0.01080372
18	80	0.01081275
29	74	0.01081943
58	82	0.0108242
19	84	0.01083445
29	71	0.01084184
9	33	0.01085138
59	63	0.01086068
53	82	0.01086944
44	77	0.01088213
42	43	0.01088285
9	12	0.01088312
39	67	0.01088476
22	32	0.01090058
44	78	0.01091337
74	80	0.0109138
47	55	0.01093214
39	79	0.01093632
5	18	0.01093708
31	68	0.01094257
36	38	0.01094351
11	67	0.01094818
23	46	0.01094818
18	33	0.01095692
51	68	0.0109893
74	76	0.0109899
40	51	0.01099777
54	75	0.01100298
38	77	0.01101112
64	75	0.01101994
51	65	0.01102376
20	50	0.01102507
20	72	0.01103128
23	63	0.01103663
10	52	0.01103925
9	20	0.01104927
26	81	0.01104986
19	64	0.0110552
62	73	0.01105889
40	67	0.0110619
41	56	0.01106739
45	76	0.01106953
42	53	0.01107269
74	75	0.01107358
23	64	0.01107424
44	68	0.01107907
14	38	0.0110799
59	79	0.01108098
39	52	0.0110864
67	84	0.01109671
60	81	0.01110243
54	76	0.01110845
4	27	0.01112246
30	83	0.01114022
18	32	0.01114289
55	68	0.0111643
39	64	0.01116824
67	80	0.01117018
5	43	0.01118066
56	65	0.0111818
9	37	0.01118612
9	31	0.01119023
19	60	0.01119476
2	69	0.01121258
63	76	0.01122987
38	84	0.01123738
33	44	0.01124191
32	40	0.01124453
45	56	0.01124596
65	83	0.01125073
25	30	0.01126484
58	59	0.01127088
32	64	0.01127743
51	76	0.01128435
45	82	0.01129388
16	67	0.01130026
23	51	0.01130372
9	19	0.01131725
9	29	0.0113213
31	56	0.01132392
23	80	0.01133632
25	47	0.01133936
23	33	0.01134637
68	73	0.01134741
65	82	0.0113492
11	64	0.01135349
21	64	0.01135474
51	66	0.01136279
69	80	0.0113651
26	40	0.01137352
64	76	0.01137459
52	58	0.01137596
19	24	0.01138046
45	71	0.01138949
65	67	0.01139307
16	52	0.01142907
29	35	0.01143133
24	51	0.0114398
42	81	0.01144743
35	48	0.01144999
36	39	0.01145225
20	52	0.01145398
62	72	0.01145449
37	62	0.01146209
66	81	0.01147735
32	66	0.01148784
38	74	0.01149249
38	73	0.01149296
31	79	0.01149392
9	61	0.01149892
29	37	0.01150912
25	49	0.01151514
39	40	0.01152038
15	69	0.01152944
54	60	0.01153063
38	43	0.01154232
65	73	0.01154565
1	83	0.01154816
29	55	0.01154947
23	78	0.01154995
57	72	0.01156333
46	51	0.0115714
72	74	0.01157178
47	81	0.01157991
9	26	0.01158189
73	78	0.01158261
21	41	0.01158314
67	71	0.01158836
24	50	0.01158976
49	50	0.01159155
70	76	0.01159825
18	66	0.01159924
31	72	0.01161503
17	48	0.01161658
67	70	0.01163341
47	80	0.01163476
54	61	0.01163995
4	54	0.01164692
35	67	0.01165247
71	76	0.01165759
34	82	0.01165866
66	70	0.01166105
22	27	0.01166698
33	46	0.01167658
69	79	0.01168381
70	77	0.01168498
18	31	0.01168611
9	24	0.01168847
22	81	0.01172021
15	38	0.01173068
19	59	0.01173079
48	73	0.01174114
61	65	0.01175308
39	80	0.01175475
4	68	0.01175499
40	57	0.01175999
30	75	0.01176309
24	35	0.01176703
21	30	0.01176768
58	60	0.0117793
53	76	0.0117836
4	75	0.01178526
15	20	0.0117989
52	61	0.01180329
18	38	0.01180407
31	76	0.01181435
67	69	0.01181995
40	77	0.01182091
50	78	0.01182541
37	39	0.01183773
43	50	0.01184064
40	63	0.01184368
33	42	0.01185321
27	76	0.01185733
54	59	0.01187229
19	27	0.01187562
68	69	0.01188355
65	81	0.01188445
30	46	0.01188689
18	70	0.01188902
55	78	0.0118941
43	66	0.01189947
14	59	0.01190009
45	77	0.01190644
71	80	0.01191502
67	68	0.01192173
47	72	0.01192198
18	43	0.01193025
13	74	0.01193523
32	63	0.01193738
43	49	0.01194089
4	76	0.01194214
27	48	0.01194262
16	46	0.01194269
58	68	0.01194286
45	52	0.01195609
2	16	0.01195882
60	78	0.01196289
33	78	0.01196622
2	64	0.01197266
30	65	0.01197409
54	72	0.01197415
19	44	0.01197588
75	84	0.01198017
9	30	0.01198142
47	70	0.01198339
33	76	0.0119915
25	28	0.01199501
22	31	0.01199749
4	31	0.01199996
51	83	0.01201057
51	74	0.01201105
22	33	0.0120117
26	80	0.01201546
58	74	0.01201891
69	70	0.01202139
31	41	0.01202333
27	77	0.0120269
9	34	0.01202821
4	34	0.01202869
39	77	0.01203143
9	55	0.01203537
53	74	0.01204544
17	35	0.01205274
24	26	0.0120783
47	77	0.01208165
48	63	0.01208734
40	59	0.01208829
30	38	0.01210594
27	49	0.01210641
22	40	0.01211197
18	72	0.01211558
21	43	0.01211571
64	65	0.0121366
31	80	0.0121479
62	68	0.01215076
51	67	0.01216122
9	70	0.01217699
52	80	0.01218128
33	39	0.01218766
38	66	0.01219224
39	41	0.01220142
23	34	0.0122064
49	64	0.01220721
55	76	0.01221114
34	44	0.01221299
39	44	0.01221966
33	35	0.01223516
2	68	0.01223564
22	34	0.01223757
18	59	0.0122385
63	66	0.01223912
44	79	0.01223945
47	69	0.01224887
52	57	0.01226037
38	79	0.01227569
26	32	0.01227626
55	70	0.01228457
26	38	0.01229232
48	65	0.01229396
32	33	0.01230311
51	79	0.01231369
53	81	0.01231882
37	82	0.0123219
4	69	0.01233284
13	32	0.01235723
74	77	0.01237523
18	75	0.01239582
14	44	0.012397
30	37	0.01239848
8	19	0.01240074
7	79	0.01240186
59	62	0.01240974
11	45	0.01241493
29	64	0.01241946
61	81	0.01242363
54	65	0.01242774
43	51	0.01243078
57	74	0.01243186
53	80	0.01243296
45	58	0.0124427
67	83	0.01244282
33	37	0.01244497
44	75	0.01245257
54	66	0.01245451
16	77	0.01245462
37	79	0.01245617
12	22	0.01245808
9	13	0.01247286
45	79	0.0124818
28	67	0.01248276
68	70	0.01248535
36	41	0.01248672
39	59	0.01248955
21	32	0.01249362
13	33	0.01249814
51	82	0.0125029
57	79	0.01251241
38	69	0.01251888
4	66	0.01251894
1	82	0.01252061
49	84	0.01252704
13	70	0.01253861
23	29	0.01253965
29	38	0.01253998
21	61	0.01254034
9	14	0.012542
1	80	0.0125463
13	78	0.01254987
9	56	0.01255416
54	58	0.0125575
51	75	0.01255917
27	50	0.01256156
57	84	0.0125637
36	61	0.01256986
15	74	0.0125705
21	35	0.01257304
8	36	0.01257433
36	62	0.01258915
27	81	0.01259741
41	79	0.01260232
1	68	0.01261961
22	50	0.01263117
9	69	0.01263499
26	58	0.01264607
43	71	0.01264643
72	79	0.01266264
5	44	0.01266568
75	76	0.01267468
5	81	0.01268601
9	73	0.01268816
21	34	0.01269204
44	81	0.01269322
9	22	0.01269769
36	71	0.01269862
13	27	0.0127028
45	51	0.01270628
30	58	0.01270836
53	79	0.01271054
42	84	0.0127151
32	62	0.01272106
12	63	0.01272201
37	63	0.01273596
59	61	0.01273745
35	77	0.01273831
51	70	0.01274395
9	32	0.01274418
43	73	0.01274445
24	32	0.01275354
19	52	0.01275599
22	30	0.01275892
46	66	0.01277017
62	67	0.01278948
23	32	0.01279389
65	69	0.01279759
3	8	0.01279819
49	54	0.01280061
18	73	0.0128033
38	45	0.01281118
58	61	0.01281195
5	48	0.01282483
30	56	0.0128262
77	78	0.01282855
17	37	0.01284086
6	84	0.01285362
22	36	0.01286417
26	78	0.01288127
9	53	0.01289472
53	58	0.01289668
57	77	0.01290398
68	84	0.01290497
25	62	0.01290571
4	7	0.01290798
10	39	0.01291704
22	26	0.01291753
21	63	0.01293359
64	72	0.01293587
31	77	0.01295054
65	79	0.01295578
18	83	0.01297522
12	21	0.01299548
47	51	0.01300251
55	73	0.0130136
51	61	0.01301425
47	79	0.01301949
38	83	0.01302743
41	84	0.01303726
5	67	0.01304197
15	44	0.01304841
30	39	0.01305437
46	59	0.01305741
32	80	0.01306152
28	58	0.01306724
15	39	0.01307025
38	67	0.0130999
34	36	0.01310491
22	54	0.01310682
9	62	0.01311159
8	69	0.01311278
21	71	0.01311814
21	33	0.01312181
7	44	0.01312279
23	43	0.01312959
72	73	0.01313033
45	57	0.01313424
72	83	0.01313674
28	64	0.0131402
47	73	0.01314562
10	58	0.01316762
41	51	0.01316833
39	71	0.01317226
9	10	0.01317346
23	54	0.01318645
63	84	0.0131891
30	59	0.01319032
9	68	0.0131905
39	76	0.01320177
20	82	0.01320415
26	59	0.01320689
73	76	0.01321351
21	38	0.01321423
23	74	0.0132209
9	67	0.01322382
48	62	0.01322436
49	56	0.01322761
26	69	0.01325047
20	39	0.01325935
9	48	0.013269
12	64	0.01327812
2	72	0.01328086
54	67	0.01328539
50	80	0.01328802
67	77	0.01329264
40	52	0.01329755
9	52	0.0133031
47	67	0.01331177
18	82	0.01331348
20	47	0.01332011
34	75	0.01332797
70	80	0.01334524
37	50	0.01336202
43	59	0.01336312
32	34	0.01337242
17	49	0.01338067
29	48	0.01338386
37	43	0.0133875
15	68	0.01339292
34	69	0.01339542
63	75	0.0134074
8	73	0.01341342
24	34	0.01342207
26	39	0.01343339
4	32	0.01343798
17	39	0.01343804
52	83	0.01344323
1	69	0.01344829
29	52	0.01344919
3	9	0.01346421
50	60	0.01346659
71	84	0.01347252
60	61	0.01349002
23	47	0.01349329
18	42	0.01349523
25	53	0.01349711
61	71	0.01349878
35	84	0.01350373
73	77	0.01350545
1	74	0.01350879
69	84	0.01351094
39	63	0.01351285
31	53	0.01351785
4	78	0.0135343
9	50	0.01353716
43	52	0.01355564
31	33	0.01358699
18	84	0.01358702
2	48	0.01359415
14	58	0.01359421
74	84	0.01359546
6	31	0.01360368
6	24	0.01360511
14	22	0.01363873
68	83	0.01364171
22	63	0.01364189
30	68	0.01364326
47	66	0.01364795
35	36	0.01366052
47	78	0.01367384
58	83	0.01367664
28	54	0.01368218
34	55	0.01369035
2	65	0.01369392
28	70	0.01370906
12	56	0.01371389
33	77	0.01371574
53	83	0.01372909
43	61	0.01373934
7	70	0.0137434
47	52	0.01377272
47	58	0.0137732
67	82	0.01379764
10	79	0.01380348
8	20	0.01381418
3	65	0.01381444
8	35	0.01382494
17	36	0.01382878
5	22	0.01383012
63	80	0.01383775
28	52	0.01383876
41	73	0.01383876
11	32	0.01384891
48	61	0.01385283
24	53	0.01385533
45	55	0.01385805
41	62	0.01386028
54	73	0.01387792
54	78	0.01389175
40	56	0.01389575
1	75	0.01390653
58	81	0.01391053
30	79	0.01391547
17	59	0.01391791
32	37	0.01392471
36	64	0.01393106
21	84	0.0139341
25	75	0.0139395
71	83	0.01394569
55	74	0.01394939
17	83	0.01395171
23	57	0.01396775
29	34	0.01397311
12	49	0.0139766
64	82	0.01399326
43	60	0.01399338
52	81	0.01399827
40	79	0.01401019
20	56	0.01401431
26	37	0.01401603
33	47	0.01401674
48	54	0.01403057
71	82	0.01403552
20	70	0.01403713
37	49	0.01403778
52	75	0.01404643
7	58	0.01404804
51	60	0.0140562
4	51	0.01406312
21	37	0.01407277
49	53	0.01408164
30	64	0.0140829
36	63	0.01408362
11	58	0.01408433
53	84	0.01408976
3	79	0.01408982
11	42	0.01409965
30	47	0.01410007
6	60	0.01410961
31	84	0.01412177
24	29	0.01412308
67	72	0.01413668
1	44	0.01414156
39	58	0.01414358
29	53	0.01414394
20	46	0.01415222
3	46	0.01417028
72	82	0.01419425
1	81	0.01420533
30	51	0.01421111
7	16	0.01421314
17	81	0.0142194
17	38	0.01421958
20	80	0.0142374
5	19	0.01423746
11	46	0.01423931
51	81	0.01424622
33	70	0.01426076
2	70	0.01426696
4	67	0.01426759
22	49	0.01426908
2	83	0.01427289
40	45	0.01427555
76	84	0.01428471
23	70	0.01430511
42	45	0.01431131
68	82	0.01432633
8	30	0.01432865
17	19	0.01432874
48	75	0.01433205
28	51	0.0143404
18	28	0.0143435
15	50	0.01434573
41	69	0.01435303
24	42	0.01437187
44	80	0.0143751
21	47	0.01437588
47	59	0.01438975
57	76	0.01439952
11	56	0.01442813
7	38	0.01443624
12	28	0.01443865
30	61	0.01444625
21	73	0.01446107
60	77	0.01446211
13	42	0.01446609
11	12	0.0144791
41	55	0.01448369
31	67	0.01448732
51	69	0.01448977
1	42	0.01449179
52	59	0.01449665
64	71	0.01452076
74	82	0.01452678
28	48	0.01452708
13	77	0.01454401
26	72	0.01454624
28	66	0.01456332
11	25	0.01456359
12	70	0.01456414
13	48	0.01456928
31	54	0.01457119
5	55	0.01460298
50	51	0.01462094
45	69	0.01463508
9	58	0.01463705
53	56	0.01464605
30	60	0.0146507
19	83	0.01467204
23	81	0.01467442
33	51	0.01468044
5	47	0.01468086
36	42	0.01468953
40	41	0.01469397
22	53	0.01469469
1	72	0.01469588
8	74	0.0147171
17	68	0.01471944
19	34	0.01472973
4	74	0.01473486
13	76	0.01473712
49	83	0.01473747
56	84	0.0147449
35	45	0.01474654
50	79	0.01475539
22	57	0.01475793
4	46	0.01476979
7	45	0.01477485
14	16	0.01479223
52	60	0.01480719
19	50	0.01481813
25	76	0.01482498
28	55	0.01482629
23	66	0.01482749
52	68	0.01484811
57	75	0.01485776
4	22	0.0148645
59	66	0.01486876
32	35	0.01488304
17	53	0.01488888
37	59	0.01490256
54	57	0.01492148
20	36	0.01492524
2	66	0.01492965
19	48	0.01493242
28	69	0.01493334
16	50	0.01495313
21	55	0.01496172
40	48	0.01497101
48	49	0.01498889
21	70	0.01499116
23	69	0.01499342
2	49	0.01499772
48	76	0.01499795
53	60	0.01500248
29	30	0.01500356
57	73	0.01501202
18	64	0.01502011
68	76	0.01502148
32	81	0.01502192
4	40	0.01502874
32	56	0.01502955
44	84	0.01503591
17	69	0.01503913
19	35	0.01505708
11	23	0.01505875
49	76	0.01507591
53	55	0.01508784
49	72	0.01508945
78	80	0.01510667
9	65	0.01511025
29	65	0.01511097
13	20	0.01511257
72	76	0.01511395
30	72	0.01511538
33	54	0.01511859
72	81	0.01512648
15	30	0.01512765
30	77	0.0151298
34	76	0.0151319
5	75	0.01513242
2	82	0.01513952
17	72	0.015152
26	42	0.01515322
33	45	0.01515439
8	66	0.01516103
35	50	0.01516246
41	80	0.01516246
26	31	0.01516461
38	64	0.01516675
30	57	0.01519417
36	70	0.01519542
26	57	0.01519811
2	5	0.01520536
55	72	0.01520538
1	78	0.01520745
35	70	0.01521641
55	75	0.0152204
16	38	0.01523006
34	51	0.01523917
5	54	0.01525646
38	60	0.01526141
15	66	0.01527115
41	65	0.01527217
33	66	0.01527941
30	45	0.01528716
44	69	0.01530206
11	75	0.01530265
37	66	0.01530289
8	62	0.01532101
4	60	0.01532864
15	73	0.01533973
1	77	0.01534095
17	71	0.0153456
7	63	0.01534925
11	34	0.01535058
28	29	0.01535439
41	66	0.01535922
25	52	0.01539063
19	20	0.01540041
30	54	0.01540565
35	76	0.01541915
39	83	0.01541948
64	73	0.01544123
7	80	0.0154421
60	82	0.01545214
47	64	0.01545381
19	67	0.01547062
68	75	0.01547065
30	73	0.01549243
22	58	0.01549327
3	24	0.01550085
17	40	0.01550281
33	41	0.01550602
45	46	0.01550963
44	61	0.01551389
28	65	0.01553463
9	54	0.01553803
54	69	0.01553979
37	42	0.01555049
22	77	0.01555274
19	43	0.01555991
33	53	0.01556468
49	55	0.01557722
19	49	0.01558077
41	76	0.01559233
19	37	0.01560664
14	51	0.0156126
66	69	0.01562118
49	70	0.01562601
49	57	0.01563111
64	74	0.01563346
67	73	0.01563434
31	75	0.0156374
42	56	0.01564038
20	83	0.01564643
3	7	0.01565456
47	76	0.0156585
49	81	0.01565893
80	81	0.01565993
16	57	0.01566243
15	49	0.01567113
47	56	0.01567757
29	63	0.01568097
47	53	0.01569092
30	62	0.01569581
28	59	0.01569796
11	72	0.01570097
8	53	0.01571137
11	26	0.01571167
36	68	0.01573777
39	82	0.0157392
16	71	0.0157395
25	41	0.01574802
72	80	0.01575655
37	40	0.01576152
45	54	0.01576667
65	72	0.01577616
5	29	0.01578939
9	49	0.01579404
29	84	0.01580536
49	59	0.01581159
2	62	0.01582742
22	39	0.01582853
11	82	0.01582885
30	42	0.01582909
26	33	0.01584876
28	47	0.01584995
30	78	0.01585054
19	26	0.01585257
38	65	0.01587009
30	41	0.01587486
37	57	0.01587713
47	61	0.01589251
50	71	0.01590121
45	60	0.01590151
39	78	0.01590499
13	43	0.015928
9	66	0.0159291
27	39	0.01593728
65	74	0.015944
36	53	0.0159519
40	78	0.01595438
46	58	0.01595816
26	82	0.0159626
9	51	0.01596355
5	51	0.01596642
58	75	0.01596928
22	25	0.01597099
11	70	0.01597357
7	30	0.01597404
16	49	0.01597834
16	76	0.01598118
22	35	0.01598464
50	59	0.0159862
55	83	0.01599407
37	60	0.0159944
31	40	0.01600635
11	81	0.01600903
28	73	0.01602936
4	55	0.01603794
20	63	0.01604891
28	76	0.01605165
27	65	0.0160619
18	81	0.01606297
35	44	0.01608789
38	82	0.01609522
8	64	0.01609576
18	58	0.01610357
1	39	0.01610538
55	62	0.01612079
27	43	0.01613045
29	49	0.0161314
28	56	0.01613569
52	76	0.01613665
21	57	0.01613897
26	71	0.01614541
43	65	0.01615155
44	83	0.01615271
53	77	0.01615694
14	50	0.0161767
12	29	0.01618098
38	44	0.01618266
26	62	0.01618341
16	37	0.01618434
62	77	0.0161854
40	70	0.01618856
14	17	0.01620086
17	41	0.01620108
44	82	0.01620787
1	38	0.01623997
12	71	0.01624335
8	70	0.01624876
49	82	0.01625445
7	46	0.01625896
22	24	0.0162936
12	76	0.01629877
22	56	0.01630074
39	81	0.01630589
41	67	0.01630926
6	23	0.01632023
22	52	0.01632071
9	15	0.01632214
32	52	0.01632422
72	84	0.01633942
49	71	0.01634496
32	46	0.01634598
34	35	0.01636243
46	49	0.01636389
20	79	0.01636648
19	46	0.0163691
75	81	0.01637697
15	32	0.01638603
25	77	0.01638651
33	60	0.01638681
47	48	0.01638824
4	45	0.01638928
44	64	0.0163908
2	8	0.01640262
10	80	0.01640612
46	76	0.0164237
31	78	0.01642513
37	46	0.01644039
34	71	0.01644409
8	22	0.01644695
49	66	0.01645142
38	49	0.01645368
17	58	0.01645382
26	79	0.01645708
31	34	0.01645923
18	63	0.01648471
74	83	0.01649833
8	71	0.01649976
29	40	0.01650608
70	79	0.01651788
26	63	0.01651892
40	46	0.01652026
28	84	0.01652244
53	65	0.01652575
51	62	0.01653704
7	73	0.01654324
39	43	0.01654673
81	83	0.01654768
66	71	0.01656914
2	55	0.01657104
15	40	0.01658478
37	58	0.01658726
60	79	0.01658773
8	37	0.0166018
18	78	0.01660836
45	53	0.01661277
20	38	0.01661301
33	34	0.01661634
66	80	0.01662785
14	69	0.01664357
28	63	0.01664391
38	75	0.016644
10	81	0.01664868
16	21	0.01665218
30	52	0.01665288
77	84	0.01668739
20	55	0.01668911
7	41	0.01669121
3	40	0.01669884
14	83	0.01670277
71	77	0.01670527
2	4	0.01671743
73	74	0.01671994
15	27	0.01672256
36	83	0.01673603
38	57	0.01675093
28	41	0.01676941
20	66	0.01677212
13	83	0.01678011
15	26	0.01678038
1	24	0.01678991
5	46	0.01679993
42	61	0.01681101
28	57	0.01682186
26	54	0.01682884
25	31	0.01683563
35	78	0.01684022
49	63	0.01684606
21	74	0.01684979
29	70	0.01685905
46	57	0.01686242
10	14	0.01686573
8	23	0.01686621
16	33	0.01688218
49	77	0.01689184
2	7	0.0168981
35	63	0.01690269
47	57	0.01691592
37	61	0.01692522
20	64	0.01693296
34	53	0.01694679
16	59	0.01696384
10	76	0.01697576
8	52	0.01698637
52	69	0.01698911
42	64	0.01698935
6	58	0.01699257
43	70	0.01700115
5	21	0.01702106
8	77	0.01702118
7	17	0.01702434
4	33	0.01702595
1	56	0.01703358
13	84	0.01703823
52	62	0.01704329
71	75	0.01704603
35	54	0.01704684
11	41	0.01706623
34	50	0.01707858
11	33	0.01708102
11	80	0.01709256
19	77	0.01709437
55	63	0.01710546
12	69	0.01711145
36	50	0.01711878
16	17	0.01713276
29	50	0.01713872
25	69	0.01714766
6	17	0.01716447
1	76	0.01717095
22	66	0.01717338
48	53	0.01717427
10	83	0.01718119
45	72	0.01718146
41	74	0.01719034
56	78	0.01719308
34	84	0.01719892
5	45	0.01721336
20	60	0.01722145
34	80	0.01723289
60	80	0.0172478
29	42	0.01724863
51	73	0.01725376
10	84	0.01726723
36	45	0.01727331
2	34	0.01730919
29	33	0.01731682
32	71	0.01731765
55	71	0.01732635
9	11	0.01732823
36	40	0.01733118
42	66	0.01733673
4	79	0.0173521
26	56	0.01735342
22	71	0.01736599
52	53	0.01736873
11	65	0.01738352
1	34	0.01738518
24	78	0.0173918
34	52	0.0173969
8	72	0.01741362
53	57	0.01741672
2	52	0.01742125
9	71	0.01744962
10	66	0.01746422
20	40	0.01747489
12	78	0.01747751
15	21	0.01748143
18	27	0.01748294
6	62	0.01749158
34	67	0.01749384
30	53	0.01749539
34	72	0.01749763
21	54	0.01750344
20	37	0.01752162
2	84	0.01753187
11	36	0.0175643
44	62	0.01756525
45	49	0.0175724
33	69	0.01757573
14	28	0.0175789
8	9	0.01758334
28	49	0.01758718
10	26	0.01759636
47	75	0.01759797
81	82	0.01760447
19	40	0.0176079
8	54	0.01761186
7	62	0.01762673
25	81	0.01763523
22	59	0.01764572
46	74	0.01764774
43	56	0.01765043
24	76	0.01766407
16	54	0.01768386
13	39	0.01768394
30	49	0.01768619
12	80	0.01769143
31	52	0.01770926
28	45	0.01771593
65	68	0.01771688
11	71	0.01772398
38	68	0.01772618
11	35	0.01773977
19	32	0.01774144
15	59	0.01775315
20	35	0.01777148
21	51	0.01777744
16	19	0.01778048
31	83	0.01778519
33	43	0.01779461
36	48	0.01779808
32	70	0.01780415
19	42	0.01781216
22	44	0.01781321
12	34	0.0178194
41	47	0.0178194
26	83	0.01782322
32	75	0.01782504
4	70	0.01782656
31	82	0.01783133
24	77	0.01783347
47	63	0.01783681
18	41	0.01784337
58	67	0.01785052
32	79	0.01786849
70	74	0.01788151
18	29	0.01788449
29	39	0.01788807
47	54	0.01789284
8	83	0.01789314
8	42	0.01789546
13	54	0.01790684
4	71	0.01791263
28	30	0.01792184
28	46	0.01792836
35	47	0.01793337
58	69	0.01793551
16	18	0.01794386
2	81	0.01796037
11	29	0.01796436
29	46	0.0179671
22	67	0.01797445
56	68	0.01798877
5	25	0.0179925
69	82	0.0179987
21	46	0.01800048
35	53	0.01801974
49	80	0.01802689
1	84	0.0180316
32	73	0.01804727
42	60	0.01805329
23	75	0.01806009
11	28	0.01806855
7	48	0.01806903
48	64	0.01807237
19	31	0.01807427
14	45	0.01808462
13	40	0.01809244
29	68	0.01810145
29	43	0.01810229
47	84	0.0181061
3	28	0.01812172
13	24	0.0181489
61	76	0.01816082
38	42	0.01816416
6	53	0.01816654
29	45	0.01816738
32	54	0.01816978
3	47	0.0181706
32	55	0.01818293
12	67	0.01819807
49	52	0.01821572
26	52	0.01821637
55	58	0.01822168
28	60	0.01822186
49	60	0.01822385
37	78	0.01823354
76	77	0.01824063
37	41	0.01825011
7	39	0.01825327
69	78	0.01827097
6	64	0.01827812
50	64	0.01827824
30	43	0.01828051
3	10	0.01828384
13	36	0.01828432
46	75	0.01828527
18	62	0.01828706
16	27	0.01829028
26	41	0.01830745
31	66	0.01830912
10	20	0.01831102
50	74	0.01831257
15	81	0.01832527
33	48	0.01832819
34	79	0.01832914
65	78	0.0183332
29	69	0.01833737
38	50	0.01834112
13	15	0.0183419
3	11	0.01836276
16	44	0.01836523
54	84	0.01836753
14	52	0.01837254
33	52	0.0183835
29	51	0.01838613
5	82	0.01838779
23	53	0.01838779
29	57	0.0183959
14	30	0.01839682
29	77	0.01840335
30	74	0.01840878
5	28	0.018426
10	27	0.01842654
21	24	0.01844892
1	23	0.01845837
51	84	0.01846468
1	48	0.01846749
11	16	0.01846886
16	41	0.01847595
2	11	0.01848173
16	20	0.01848435
28	68	0.01849604
33	68	0.018501
16	53	0.01850188
36	69	0.0185039
15	36	0.01851562
49	62	0.01851916
34	70	0.0185222
36	82	0.01852345
55	64	0.01852775
13	63	0.0185324
14	24	0.01853409
2	53	0.01853764
70	84	0.0185402
1	47	0.01854354
10	64	0.01854506
55	60	0.01856059
4	21	0.0185684
43	69	0.01857042
27	35	0.01857436
37	69	0.01859033
77	82	0.01859307
36	72	0.01859647
44	54	0.01860338
36	49	0.01861948
11	59	0.01862997
40	75	0.01863408
13	50	0.0186356
23	35	0.01864731
10	75	0.01866192
8	38	0.01866233
18	48	0.018664
42	76	0.01867247
37	56	0.01867676
12	84	0.01868099
33	84	0.01869202
22	62	0.01872307
25	67	0.01874346
2	18	0.01874419
43	83	0.01875037
1	66	0.01875782
4	42	0.01876086
68	71	0.01876959
1	27	0.01878047
1	51	0.01878117
10	36	0.01878709
75	83	0.01879248
55	56	0.01879969
57	78	0.01880264
7	64	0.01880455
34	43	0.01880723
28	38	0.01881695
2	6	0.01883174
5	15	0.01883888
18	49	0.01885599
19	33	0.01886606
38	76	0.01887345
23	67	0.0188787
24	70	0.01888767
31	32	0.01889825
19	21	0.01891369
38	61	0.01891923
29	41	0.01892042
28	31	0.0189206
31	42	0.01892269
12	68	0.01892354
22	51	0.01892924
31	38	0.01893067
8	18	0.01893285
4	59	0.0189333
37	74	0.01893586
18	45	0.01894236
32	61	0.01896238
16	35	0.01896358
13	23	0.01896542
70	83	0.01896834
3	69	0.01897049
16	51	0.01897812
9	23	0.0189997
20	62	0.01899993
27	61	0.01900208
37	65	0.01900566
3	58	0.01900899
19	41	0.01901579
37	47	0.01902461
27	45	0.01902866
40	62	0.01903081
2	33	0.01903176
36	56	0.01903343
15	75	0.01904106
19	47	0.01904163
28	74	0.01904529
10	82	0.01905054
8	29	0.0190599
18	77	0.01906252
2	63	0.0190703
31	37	0.01907504
43	75	0.01907563
5	53	0.01907754
42	80	0.01911449
8	79	0.01912045
36	65	0.01912591
28	72	0.01912606
7	72	0.01913455
75	82	0.01914904
40	58	0.0191555
13	26	0.01915686
30	48	0.01915878
12	73	0.01915976
22	60	0.01916277
14	57	0.01916397
5	41	0.01917839
27	62	0.0191924
34	60	0.01920319
13	14	0.01920801
18	40	0.01921231
37	71	0.01922655
26	44	0.01923537
3	20	0.01924711
26	30	0.0192557
15	76	0.01927304
15	60	0.01927936
3	45	0.01927972
36	58	0.0192802
49	61	0.01928329
37	51	0.01928461
24	69	0.01928627
16	23	0.01928902
17	34	0.01929188
1	53	0.01931414
27	73	0.01931882
12	82	0.0193204
3	48	0.01932359
11	30	0.01933047
6	7	0.01933527
6	55	0.01934361
29	78	0.01934409
43	67	0.01934445
41	57	0.01935768
26	50	0.01935911
39	84	0.01935935
1	52	0.0193601
37	77	0.01936865
61	80	0.0193696
1	67	0.01937461
29	36	0.01937914
2	24	0.01940346
6	35	0.01940346
17	20	0.01940507
16	34	0.01941574
8	76	0.01941943
35	62	0.01942492
38	54	0.01942694
22	80	0.01942809
29	47	0.01943314
6	46	0.01944113
42	48	0.01946735
19	22	0.01946926
25	68	0.01947045
22	42	0.01948023
30	32	0.01948106
12	38	0.01948297
33	49	0.01948881
4	20	0.01951084
10	68	0.01951313
5	52	0.01951694
7	42	0.01951718
46	64	0.0195173
21	78	0.01951894
39	50	0.01951987
2	23	0.01952362
18	46	0.01952779
12	40	0.01953319
58	73	0.01953492
3	60	0.01954031
10	74	0.0195418
16	22	0.01955521
33	40	0.01955605
32	39	0.01955831
3	29	0.01956522
17	52	0.01956765
73	84	0.01956773
13	22	0.01956913
5	69	0.01957607
37	67	0.01957679
2	60	0.01959318
35	59	0.01959354
44	59	0.01959562
43	76	0.01960564
32	72	0.01960671
38	62	0.01960737
14	40	0.01960984
7	47	0.01961875
28	75	0.01961946
12	66	0.01962799
13	71	0.01962964
21	60	0.01963902
69	83	0.01964378
24	75	0.01965046
15	35	0.0196621
13	56	0.01966959
16	55	0.01966977
74	78	0.01968312
14	31	0.01968962
4	81	0.01969004
70	82	0.01970148
35	69	0.01970696
17	80	0.01970816
3	39	0.01971722
39	62	0.01972246
10	59	0.01972836
61	74	0.01973677
8	80	0.01973724
9	39	0.0197382
2	40	0.0197401
11	60	0.01974151
34	63	0.01974237
23	73	0.01974261
4	64	0.01974654
1	22	0.01977587
14	49	0.01978159
5	20	0.01979148
23	68	0.01980841
8	21	0.01981568
12	77	0.0198288
8	24	0.01983023
5	6	0.01983374
2	80	0.01984167
27	59	0.01984435
62	69	0.01985455
21	28	0.01986313
5	83	0.01986361
37	55	0.01987123
10	65	0.01987943
58	76	0.01988506
15	22	0.01990223
35	43	0.01990449
1	30	0.01990545
32	43	0.01992548
42	55	0.01993299
41	54	0.01993704
3	81	0.01994419
3	26	0.01994556
4	6	0.01994848
54	83	0.01995009
22	43	0.01995468
15	23	0.01996183
30	31	0.01996303
30	66	0.01996326
8	17	0.01997429
24	67	0.01997626
44	73	0.01998425
22	47	0.02002159
17	84	0.02002239
43	57	0.02002752
18	57	0.0200302
1	31	0.02003288
13	28	0.02004212
4	35	0.02004778
26	51	0.02005005
73	83	0.02005076
5	11	0.0200541
16	40	0.02006546
11	47	0.02006936
40	74	0.02007341
11	68	0.02007532
2	50	0.02007627
13	81	0.02007818
5	30	0.02008638
8	32	0.02009952
17	75	0.02012044
34	65	0.02012682
3	41	0.02013405
15	46	0.02013797
49	79	0.02014273
39	42	0.02015281
4	44	0.02015707
54	68	0.0201602
30	40	0.02017975
14	37	0.0201951
6	33	0.02019739
48	58	0.02019835
31	39	0.02020156
51	63	0.02020249
16	47	0.0202086
8	25	0.0202148
17	82	0.02022409
40	71	0.02022755
34	46	0.02022892
11	48	0.02023098
9	46	0.02023128
7	33	0.02023262
18	26	0.02023441
25	71	0.02024341
37	48	0.02024961
29	44	0.02027294
34	57	0.02028203
26	67	0.02029586
25	66	0.020298
4	43	0.02029836
12	75	0.02030838
28	77	0.02031016
37	54	0.02032089
27	58	0.02032727
36	81	0.020329
34	78	0.02033138
8	26	0.0203402
27	41	0.02034068
11	52	0.02034223
19	54	0.02035928
21	27	0.0203636
14	27	0.02036953
32	45	0.02037373
5	56	0.02037764
20	53	0.02038737
2	41	0.0203886
37	64	0.02038944
3	64	0.02041149
10	67	0.02041674
38	80	0.02042508
43	84	0.0204255
7	81	0.020432
12	53	0.0204449
69	74	0.02044678
13	44	0.02044931
12	27	0.02045047
10	28	0.0204508
7	34	0.02045226
12	30	0.02045724
6	63	0.02046454
42	54	0.02046567
3	27	0.02046955
36	37	0.02047074
75	80	0.02047777
30	50	0.02049005
25	80	0.02049077
11	63	0.0204978
16	26	0.02050376
13	80	0.0205127
39	47	0.02052462
27	42	0.02052501
1	65	0.02052724
13	66	0.02052927
18	30	0.02053016
20	78	0.02053456
9	59	0.02053475
2	46	0.0205406
7	61	0.02054071
16	31	0.02054432
50	77	0.02057552
35	74	0.02059901
55	79	0.02060366
38	40	0.0206061
18	60	0.02061188
18	34	0.02062112
7	49	0.02062225
49	68	0.020625
37	70	0.02063125
1	29	0.02063537
4	50	0.0206387
13	58	0.02064419
42	83	0.02064896
72	75	0.02065319
69	76	0.02066708
10	42	0.02066886
32	44	0.02067521
61	70	0.02069283
21	25	0.02071416
3	30	0.02071476
10	37	0.02071655
14	18	0.02072018
5	40	0.02072024
58	78	0.02072334
31	65	0.02072412
3	57	0.02072561
14	65	0.02073124
24	66	0.020733
43	68	0.02073383
39	66	0.02073574
36	51	0.02075171
3	59	0.02075207
16	29	0.0207653
65	80	0.02076578
44	47	0.02076805
35	71	0.02077359
10	62	0.02077377
5	14	0.02077961
7	32	0.02079248
27	75	0.02080917
41	68	0.02081311
18	56	0.02083087
13	17	0.02083683
21	53	0.02083844
34	74	0.02083851
8	34	0.02083945
36	44	0.02084333
12	65	0.02084589
26	61	0.02085215
40	69	0.02085721
8	57	0.020859
13	35	0.02086806
12	44	0.02086875
28	42	0.020877
11	40	0.02087967
10	30	0.02088475
49	74	0.0208903
16	48	0.020895
42	57	0.02090728
17	32	0.0209136
17	54	0.02091503
27	46	0.02093112
36	57	0.02093649
2	56	0.02093697
44	65	0.02095222
34	38	0.02096987
7	77	0.02097416
26	66	0.02097964
6	27	0.02099586
4	57	0.02099776
12	72	0.02099915
43	77	0.02100253
52	77	0.0210042
12	36	0.02101412
6	16	0.0210216
14	43	0.02102497
38	47	0.02103239
40	80	0.02103865
21	26	0.02104145
39	73	0.02104282
38	56	0.02105403
3	42	0.02105871
50	55	0.02108479
13	57	0.02109385
16	42	0.02109426
13	52	0.02110732
45	84	0.02111882
26	43	0.02112341
38	63	0.02113354
14	32	0.02113754
27	68	0.02115583
4	84	0.02116099
5	42	0.02117777
8	59	0.02118587
16	32	0.02119431
20	54	0.02120984
13	82	0.02121192
52	71	0.0212307
42	44	0.02123213
30	84	0.02123749
7	60	0.02123781
53	64	0.02123976
4	19	0.02125941
11	19	0.02126199
13	53	0.02126217
14	61	0.02128327
13	19	0.02129142
13	37	0.02129269
21	65	0.02129328
5	39	0.02129841
5	26	0.02130854
24	68	0.02131027
3	68	0.02131653
9	47	0.02132896
21	69	0.02133074
13	25	0.02133256
14	21	0.02134109
44	48	0.02135098
14	15	0.02136254
6	56	0.02136397
6	45	0.02137995
12	52	0.02138421
27	54	0.02138734
7	75	0.021402
4	17	0.02140665
18	55	0.02141108
25	65	0.02141953
35	73	0.02142906
28	35	0.02143598
12	31	0.02143931
36	73	0.02143943
19	36	0.02144092
17	78	0.02144474
18	54	0.02144805
35	61	0.02144814
70	73	0.02144814
28	43	0.02145344
5	78	0.02146626
5	79	0.02147532
6	28	0.02149773
3	37	0.02149868
22	70	0.0215007
15	70	0.02150917
11	76	0.0215106
13	16	0.02153498
34	64	0.02153862
11	74	0.02154684
18	61	0.02155462
39	48	0.02155542
36	84	0.021559
2	57	0.02156091
33	57	0.02156159
1	36	0.0215683
4	72	0.02157664
12	74	0.02158466
10	38	0.02158976
4	10	0.02159309
10	41	0.02159715
4	36	0.02161813
13	69	0.02163514
4	11	0.02165318
13	41	0.0216707
34	37	0.02167225
48	71	0.02167416
2	44	0.02167547
47	71	0.02171618
7	69	0.02175641
12	25	0.02175933
34	77	0.02176476
49	51	0.02176887
27	66	0.02176893
49	58	0.02179548
15	16	0.02179725
52	73	0.02180225
3	78	0.02180314
17	79	0.02180767
9	40	0.02180886
40	68	0.02180892
52	67	0.02181244
27	55	0.02181256
35	57	0.02181298
25	73	0.02181447
14	41	0.02181846
21	50	0.02182484
35	83	0.02183712
7	50	0.02183723
13	38	0.02185291
36	74	0.02185494
11	13	0.02187476
22	45	0.02187496
41	46	0.02190685
39	49	0.02192342
43	55	0.02192953
12	35	0.02193356
69	77	0.02193737
1	50	0.02194169
14	81	0.02194475
79	83	0.02194691
30	35	0.02195251
44	67	0.02195263
4	80	0.02195787
3	25	0.0219667
52	70	0.02197284
43	82	0.02198184
1	40	0.02198192
17	45	0.02199841
17	44	0.02202308
45	67	0.0220232
5	27	0.0220418
18	50	0.02205038
21	31	0.02205515
26	77	0.02206135
2	47	0.02206558
6	30	0.02206612
39	51	0.02206635
23	71	0.02206683
41	50	0.02208328
14	39	0.02209008
44	72	0.02209377
36	46	0.02209711
50	67	0.02211809
15	24	0.02212048
11	69	0.02212286
55	59	0.02212918
12	24	0.02212965
31	35	0.02213228
5	84	0.02214074
11	37	0.02214837
15	67	0.02215752
12	55	0.02215838
31	36	0.02216232
12	51	0.02216327
4	82	0.02216434
13	65	0.02216613
34	54	0.02216721
22	46	0.02217489
8	75	0.02218246
39	46	0.02218288
20	74	0.0221889
8	56	0.02219737
38	55	0.02220786
31	62	0.02220917
3	34	0.02221018
13	67	0.02221167
5	74	0.02221823
6	34	0.02221835
7	22	0.02221847
18	51	0.02221966
2	21	0.02223115
10	46	0.0222342
13	47	0.02224374
14	26	0.02225333
12	46	0.02225903
31	57	0.02227032
29	76	0.02227676
31	58	0.02228391
44	70	0.02229595
45	68	0.02230215
56	57	0.02230549
8	58	0.02230811
43	64	0.02232897
26	65	0.02236605
20	59	0.02237225
4	9	0.02237797
34	83	0.02237797
49	73	0.02238977
46	48	0.02239144
10	24	0.02239633
21	23	0.02239719
48	67	0.02239847
55	57	0.02242261
6	26	0.02242756
23	45	0.02242804
32	78	0.02242941
33	59	0.02244768
43	78	0.0224781
5	66	0.02248597
81	84	0.02248597
2	25	0.02248728
26	49	0.02248788
5	58	0.02252495
10	70	0.02252698
22	65	0.02253044
33	58	0.0225582
24	65	0.02257323
2	36	0.02258492
39	65	0.02259183
16	36	0.02259696
8	50	0.02260232
45	61	0.02260351
52	66	0.02262187
14	48	0.02264786
40	50	0.0226531
45	48	0.02265948
7	21	0.02266407
27	57	0.02267486
26	29	0.02267641
8	81	0.02267671
1	41	0.02267967
2	26	0.02268195
2	14	0.02268851
8	27	0.02269077
11	31	0.02269956
34	56	0.02270412
15	28	0.02270699
2	43	0.02273536
61	82	0.02274609
32	74	0.02280033
2	20	0.02280165
27	40	0.02280807
18	36	0.02282368
10	53	0.02282999
4	8	0.02284861
10	29	0.02285194
6	76	0.02285475
27	36	0.02286243
2	12	0.02287197
27	47	0.02287269
4	38	0.02288485
79	84	0.02288532
35	55	0.02288797
12	45	0.0229004
17	26	0.02290148
9	74	0.02290154
14	20	0.02291089
36	47	0.02291435
14	36	0.02291527
14	66	0.02291576
11	66	0.0229193
12	33	0.02295259
7	26	0.02295661
39	72	0.02297759
20	42	0.02298188
15	19	0.02298413
16	28	0.02299166
5	31	0.02299333
16	63	0.02300107
11	50	0.02300411
20	81	0.02301931
29	75	0.02303094
14	62	0.0230431
5	76	0.02306294
8	28	0.02306938
8	51	0.02307332
1	49	0.02307722
26	76	0.02309585
34	62	0.02310395
17	43	0.02310538
25	70	0.02312875
37	44	0.02312881
11	73	0.02313709
36	67	0.02313805
79	81	0.02314878
5	32	0.02315134
17	66	0.02315907
5	13	0.02316713
7	56	0.02323139
22	79	0.02323493
46	84	0.02327326
14	56	0.02327776
18	35	0.02329075
12	26	0.02329493
35	68	0.02329659
42	62	0.02330256
27	67	0.02330279
24	64	0.02330685
10	69	0.02331066
46	47	0.02331209
8	82	0.02332187
12	23	0.02332807
9	41	0.02333784
27	33	0.02334118
10	21	0.02335531
11	20	0.0233638
5	9	0.02339172
6	29	0.02339172
8	84	0.02339816
2	45	0.0234015
6	75	0.02340168
21	72	0.0234046
34	61	0.02342391
13	59	0.02344114
28	37	0.0234462
36	43	0.02345008
46	50	0.02346069
2	42	0.02346599
40	83	0.02347088
38	52	0.02347225
16	56	0.02347803
10	50	0.02349377
7	40	0.02353382
3	70	0.02355349
35	82	0.02355456
21	49	0.02357101
18	47	0.02357912
8	48	0.02358437
37	68	0.02360368
14	64	0.02363524
14	77	0.02363691
17	70	0.02363713
10	54	0.02364668
7	68	0.02365804
26	60	0.02365911
6	18	0.02366138
28	44	0.02368355
5	68	0.02369308
10	15	0.02369905
2	19	0.02370663
6	73	0.02370667
17	29	0.02370846
50	68	0.02370954
41	49	0.02373075
26	64	0.02374089
13	79	0.02374458
32	38	0.02374744
31	64	0.02374865
8	39	0.02375579
21	82	0.02375889
7	35	0.02377138
10	61	0.02377224
34	47	0.0237813
12	81	0.02378786
50	65	0.02380598
10	44	0.02381897
28	83	0.02382755
16	62	0.02382788
34	42	0.0238291
3	67	0.02384472
53	54	0.02385044
27	34	0.02385882
30	33	0.02386165
22	41	0.02388072
8	40	0.02391577
42	67	0.02392077
10	16	0.02392232
70	75	0.02392864
13	62	0.02394253
14	82	0.02394527
17	51	0.02395213
11	27	0.02395487
36	52	0.02396977
11	53	0.02399212
26	48	0.02399808
15	17	0.02400009
2	74	0.02400541
25	64	0.02400827
37	72	0.02401203
9	78	0.02403092
58	77	0.02403116
9	57	0.02403736
40	76	0.02406824
16	24	0.02406859
22	23	0.02407813
48	70	0.02408075
15	84	0.02408144
14	33	0.02408218
27	64	0.02408534
1	79	0.02408996
17	42	0.02409315
35	49	0.02409744
35	42	0.02409887
12	42	0.02411121
7	55	0.02412796
14	25	0.0241493
42	69	0.02417088
9	38	0.02417183
20	69	0.02418089
57	81	0.02418101
9	43	0.02418947
28	61	0.02420712
13	46	0.02420738
15	78	0.02424836
16	84	0.02425057
2	9	0.0242514
12	57	0.02425405
15	63	0.02425963
15	62	0.02427247
2	54	0.02429199
12	39	0.02429569
27	60	0.02430117
9	44	0.02430925
21	45	0.02431562
25	63	0.02432013
8	33	0.02433681
12	43	0.02434021
21	59	0.02434039
43	79	0.02438205
10	12	0.02440929
17	22	0.02444373
8	63	0.02444935
1	43	0.02445799
6	72	0.02446769
13	51	0.02446926
2	10	0.02449417
5	16	0.02449703
21	77	0.02452256
14	75	0.02452624
25	72	0.02453661
12	32	0.02454193
17	56	0.02454636
17	77	0.02455068
7	65	0.02457428
20	57	0.02458477
5	49	0.02459115
27	71	0.02459836
15	71	0.0246048
41	78	0.02461338
1	12	0.02461863
14	84	0.0246214
5	77	0.02463031
48	69	0.02464056
20	58	0.02464867
26	70	0.02468634
12	79	0.02468711
10	60	0.02470756
15	34	0.02471185
15	80	0.02471507
27	53	0.02473164
15	65	0.02473587
28	33	0.02474141
57	80	0.02480233
33	79	0.02480602
11	61	0.02481321
20	61	0.02482533
3	80	0.02487421
12	13	0.02487469
66	72	0.02487564
15	54	0.02491444
43	58	0.02491796
19	55	0.02492499
54	82	0.02492881
2	51	0.02493191
44	55	0.02494502
38	53	0.02494895
15	33	0.02496815
9	77	0.02498233
42	58	0.02498579
16	74	0.02499124
11	22	0.02499437
12	54	0.02499518
35	75	0.02499759
21	81	0.02502489
7	52	0.0250473
44	58	0.02507168
3	44	0.02507877
3	43	0.02508044
13	60	0.02508068
2	58	0.02508521
15	72	0.02508974
2	67	0.02509785
21	22	0.02511076
14	71	0.02512333
15	29	0.0251255
16	43	0.02514388
46	60	0.02515316
11	38	0.02516115
7	54	0.02519202
38	51	0.02519345
5	59	0.02519751
5	23	0.02520841
30	34	0.02520931
27	56	0.02521285
22	69	0.02521343
11	78	0.02521801
3	19	0.02522337
17	74	0.02522683
2	29	0.02523723
35	64	0.02525073
3	18	0.02526379
17	31	0.02528143
7	9	0.02528489
20	68	0.02530432
32	60	0.02531099
21	44	0.02531314
43	45	0.02531624
46	72	0.0253346
3	56	0.02534074
9	42	0.02534223
54	81	0.02535057
1	54	0.02535558
11	51	0.02536741
2	59	0.02539492
6	74	0.0254021
35	56	0.02543122
28	34	0.0254547
3	36	0.02546918
10	63	0.02547789
11	49	0.02548921
6	57	0.02549744
27	31	0.02550602
55	80	0.02550745
17	65	0.02551219
42	79	0.02551746
12	48	0.02551912
7	24	0.02552009
2	61	0.02552497
10	23	0.0255599
28	36	0.02556989
32	77	0.02557254
14	76	0.0255754
7	66	0.02557993
31	60	0.02558434
34	73	0.02558652
33	75	0.02560139
21	48	0.02561492
3	21	0.02565527
7	82	0.0256846
9	76	0.02569008
43	62	0.02570045
3	71	0.02572298
41	45	0.02572346
4	12	0.0257324
14	42	0.02573496
14	79	0.0257369
15	47	0.02573776
24	71	0.02575505
33	50	0.02578115
21	58	0.02581728
11	17	0.02583218
36	79	0.02583617
21	52	0.02584851
15	52	0.0258528
40	81	0.02585316
35	81	0.02586436
7	10	0.02587831
49	65	0.025895
24	72	0.02590621
23	76	0.02591205
22	84	0.02592468
34	48	0.02593994
14	63	0.02594206
52	72	0.02595174
27	44	0.02597046
50	70	0.02597761
2	30	0.02599806
34	68	0.02600086
13	45	0.02601385
12	37	0.02601773
57	83	0.02602816
35	40	0.02604508
2	13	0.02604532
34	40	0.02605224
8	16	0.02607584
45	83	0.02609521
14	60	0.02609733
1	55	0.02612352
6	77	0.02613866
15	25	0.02613926
3	32	0.0261679
32	76	0.02616858
15	48	0.02616906
14	34	0.02616996
21	66	0.02617252
52	65	0.02618003
7	14	0.02619982
20	84	0.02620255
13	68	0.02620298
10	72	0.02625281
7	83	0.02626801
15	58	0.02627084
48	59	0.02627373
22	61	0.02627385
1	17	0.02627611
32	53	0.02627873
17	50	0.02628073
6	41	0.02631396
17	30	0.02632451
4	30	0.02633381
32	50	0.02634025
22	38	0.0263423
16	70	0.02634591
21	79	0.02635133
4	13	0.02636075
1	58	0.02639675
31	43	0.026402
10	32	0.02641535
21	29	0.02641928
44	57	0.02642709
5	37	0.02642766
7	53	0.02642798
7	84	0.02642822
6	42	0.02643162
1	25	0.02643824
7	76	0.02645683
42	75	0.02646208
17	28	0.02647281
3	16	0.02649689
17	46	0.0265241
50	69	0.02652645
36	66	0.02653933
28	32	0.02655339
6	36	0.02655506
44	46	0.02658612
10	43	0.02658921
7	15	0.02660775
18	68	0.02661037
27	30	0.02661228
21	80	0.0266124
52	79	0.02662563
15	43	0.02664083
7	27	0.02664772
6	19	0.02666759
43	54	0.02672806
2	73	0.02673101
33	64	0.02673721
27	63	0.02674663
16	82	0.02674741
2	37	0.02674937
2	31	0.02675742
10	17	0.02676935
3	33	0.02678108
42	78	0.02678776
17	64	0.02678955
14	19	0.02679226
28	79	0.02681351
44	74	0.026829
20	43	0.02686
3	35	0.02686061
14	74	0.02688885
15	55	0.02689588
50	54	0.02690506
16	83	0.02691945
21	67	0.02692866
39	53	0.02693868
5	70	0.02694911
1	8	0.02696991
27	32	0.02697372
8	78	0.02699375
46	62	0.02700567
8	14	0.02703762
16	73	0.02703774
14	78	0.02705723
8	61	0.02708817
15	42	0.02708873
6	37	0.02710319
2	28	0.02712059
29	82	0.02712059
3	75	0.02712148
10	11	0.02713537
5	63	0.02715933
17	73	0.02718273
6	32	0.02719355
4	37	0.02719939
6	15	0.02720517
37	52	0.02722359
7	43	0.02724266
6	61	0.0272603
10	47	0.0272773
9	45	0.02729511
25	83	0.02729535
20	75	0.02730274
7	57	0.02737737
2	22	0.02737761
55	82	0.02740026
37	73	0.02741241
21	76	0.02742051
31	51	0.02742767
6	13	0.02743512
22	68	0.02747096
42	59	0.02749515
49	67	0.02750468
26	27	0.02750731
17	23	0.02750908
20	67	0.02751219
6	44	0.02752763
10	55	0.02753066
43	63	0.02754104
44	66	0.0275569
44	63	0.02755737
1	32	0.02756679
35	41	0.02757001
8	60	0.02757359
54	79	0.02758718
35	72	0.02761984
10	71	0.02762127
36	77	0.02766454
7	78	0.02767301
40	72	0.02770281
78	79	0.02770424
22	75	0.02772748
31	44	0.02772832
44	56	0.02774364
32	49	0.02777445
6	67	0.02777767
15	53	0.02778804
20	76	0.02780092
6	66	0.02788925
14	68	0.02789545
1	33	0.02792287
33	67	0.02793241
17	76	0.02793324
57	82	0.02794552
14	73	0.02795464
8	43	0.02797127
8	41	0.0279727
6	8	0.02798486
4	83	0.02798605
2	32	0.02798939
36	55	0.02800941
10	45	0.02800965
27	29	0.02801514
10	34	0.02801919
16	69	0.02801985
21	68	0.02802479
38	48	0.0280304
15	37	0.02806318
10	13	0.02806425
70	81	0.02808571
19	56	0.02816677
5	71	0.02817947
6	38	0.02818418
46	61	0.02818489
16	75	0.02819377
33	63	0.0281955
17	61	0.0282104
5	35	0.02821165
17	67	0.02822506
5	7	0.02822715
7	23	0.02822891
14	70	0.02825487
6	59	0.02827644
3	4	0.02831626
31	59	0.02833855
10	57	0.02833986
34	58	0.02833986
21	75	0.02834557
9	82	0.02836037
2	27	0.02837259
11	57	0.02837372
37	53	0.02838326
18	39	0.02839375
2	38	0.02840459
1	9	0.02840805
77	81	0.02841425
16	61	0.02842593
2	78	0.02842855
14	46	0.02846909
17	21	0.02848317
11	77	0.02851963
20	44	0.02852058
6	47	0.02852511
3	77	0.02856302
3	31	0.02861246
22	29	0.0286541
14	54	0.02875853
9	75	0.02877522
19	25	0.02877998
17	57	0.02880353
14	23	0.02882671
1	26	0.02883124
44	45	0.02884117
5	65	0.02886522
7	51	0.02888012
7	25	0.02888179
13	49	0.02889252
3	54	0.02890462
4	15	0.02894831
1	57	0.02897668
24	73	0.02902317
15	56	0.02903366
10	22	0.02908874
15	18	0.02914484
9	80	0.02920544
29	32	0.02920818
35	80	0.02926064
32	59	0.02928066
1	61	0.02928281
35	60	0.02930403
7	37	0.0293417
49	75	0.02938372
31	61	0.02941537
15	64	0.02943411
31	55	0.02945709
6	71	0.02947485
8	55	0.02948475
20	77	0.02949739
1	64	0.02950048
36	75	0.02953023
39	57	0.02955103
7	74	0.02955532
34	59	0.02955675
27	28	0.029562
35	58	0.02957511
25	82	0.02958369
4	39	0.02967811
14	47	0.0296917
15	61	0.02969474
26	84	0.02969885
4	62	0.02970529
17	27	0.02971789
6	9	0.02976227
21	83	0.02979445
33	62	0.02981114
58	64	0.02981567
6	12	0.02981961
1	20	0.0298264
16	81	0.02984393
27	72	0.02987003
11	21	0.02988851
7	18	0.02997661
33	61	0.03000534
40	73	0.0300107
17	55	0.03002524
52	84	0.0300808
40	82	0.0300858
9	83	0.03009728
34	49	0.03017449
46	71	0.03018832
1	63	0.03020364
32	36	0.03020525
3	14	0.03029346
7	67	0.03029442
6	52	0.03031731
1	16	0.03034019
16	58	0.03036308
35	46	0.03042984
15	57	0.03043362
29	81	0.03047729
13	18	0.03047985
10	33	0.03050613
15	41	0.03051239
18	69	0.03059864
3	74	0.03060454
26	55	0.03060579
79	80	0.03062725
64	80	0.03064203
32	65	0.03065205
16	68	0.03069249
10	31	0.03073359
26	34	0.03077054
76	83	0.03078079
5	72	0.03086358
29	83	0.03090024
6	43	0.0309006
5	8	0.03090847
2	15	0.03091049
32	47	0.03091943
34	66	0.03095597
42	68	0.03095961
17	62	0.03097034
6	40	0.0309822
12	47	0.03101081
3	82	0.03105921
3	53	0.03106451
5	64	0.03113681
50	56	0.03114271
32	48	0.03116119
42	74	0.0312252
36	76	0.03123236
15	45	0.03126431
8	49	0.03129005
4	41	0.03129196
5	57	0.03134441
24	74	0.03139544
2	35	0.03139639
14	80	0.03142469
1	35	0.03142643
76	79	0.03143024
1	18	0.03146911
26	45	0.03147411
58	79	0.03154278
5	62	0.03156626
3	73	0.03164971
6	65	0.03165054
5	33	0.03166848
1	11	0.03172302
33	74	0.03173637
37	76	0.03173685
7	13	0.03175116
14	72	0.03183663
24	79	0.03184319
35	51	0.031847
7	12	0.03186679
5	61	0.03187126
27	69	0.03193235
3	76	0.03194225
9	79	0.03198016
55	84	0.03211164
50	76	0.03211665
27	70	0.03214788
44	52	0.03216863
54	80	0.03216982
23	24	0.03219414
22	37	0.03221156
32	84	0.03223372
6	39	0.03225738
50	82	0.03232694
35	52	0.03237152
10	19	0.03239155
17	63	0.03240919
17	25	0.03244054
9	81	0.03249872
1	13	0.03253174
3	83	0.0325985
39	54	0.03262782
4	16	0.03263783
36	80	0.0326581
71	78	0.0326643
77	80	0.03270292
3	5	0.03271604
10	25	0.0327754
14	67	0.03279018
60	84	0.03279448
7	31	0.0328331
13	61	0.03283826
31	63	0.03292823
4	14	0.03298998
14	35	0.03299397
44	53	0.03299761
35	79	0.03304958
6	70	0.0330596
22	74	0.03306401
22	78	0.03309441
64	81	0.03311586
16	64	0.03311703
48	50	0.03313589
2	39	0.03320026
6	11	0.03324461
39	55	0.0332737
7	29	0.03334665
5	34	0.03339005
28	80	0.03350735
17	18	0.0335229
27	51	0.03353882
3	72	0.03366184
8	31	0.03368807
47	83	0.03368998
6	78	0.03371263
8	45	0.03376675
26	35	0.03381252
8	44	0.03384662
2	17	0.03388691
61	63	0.03395176
6	14	0.0339694
6	68	0.03401279
1	60	0.03408003
11	55	0.03410101
5	60	0.03413177
3	12	0.03414297
46	52	0.03417075
6	83	0.03418922
50	81	0.03422093
20	45	0.03430676
6	69	0.03431386
26	53	0.03432071
1	59	0.03434491
3	84	0.03441906
50	53	0.03455353
31	81	0.03460979
10	51	0.03463936
8	15	0.0346539
36	78	0.03472924
7	71	0.03476977
16	60	0.03487301
6	10	0.03487426
16	80	0.03499484
13	72	0.03500938
16	79	0.03504038
64	78	0.03506613
4	56	0.03506756
4	61	0.03514242
6	48	0.03528023
26	47	0.03541851
48	60	0.03544807
8	46	0.03545332
55	81	0.03545761
8	47	0.0356133
33	65	0.03571248
3	13	0.03571796
32	51	0.03580594
5	38	0.03584862
4	5	0.03592968
31	46	0.03594494
11	54	0.03614736
22	76	0.0362196
6	79	0.03625059
37	75	0.03633833
46	56	0.03634453
78	81	0.03637218
9	21	0.03640366
26	46	0.03641367
52	63	0.03641868
2	76	0.036448
4	18	0.03649497
36	54	0.03649712
6	49	0.03650355
1	62	0.03650689
43	46	0.03652763
16	72	0.03657866
3	55	0.03659201
6	20	0.03665257
3	17	0.03665733
50	66	0.03666401
7	28	0.03669763
17	24	0.03678411
5	10	0.0367856
10	18	0.03691578
61	62	0.03704524
4	73	0.0371604
46	67	0.03718662
6	80	0.03720093
17	33	0.03726959
3	49	0.03735399
44	51	0.03735828
50	52	0.03742313
76	82	0.03744698
28	81	0.03747368
3	15	0.03748798
1	15	0.03754997
5	73	0.03769112
1	19	0.03772688
5	36	0.03777528
5	24	0.03786755
33	73	0.03789997
61	64	0.03798294
27	52	0.03799486
38	41	0.03803062
53	61	0.0380373
41	44	0.03804398
5	12	0.03814697
46	65	0.03824425
27	74	0.03833532
7	8	0.03841758
47	82	0.03844833
1	14	0.03859234
65	84	0.03862286
1	10	0.03868294
50	75	0.038764
4	53	0.03882122
7	19	0.03886795
76	81	0.03893948
5	80	0.03900528
3	52	0.03935599
50	58	0.03941727
6	50	0.03942871
76	80	0.03943396
6	21	0.03961515
37	45	0.04021263
2	75	0.04028225
52	64	0.04038286
10	56	0.04048538
31	45	0.04055882
79	82	0.04063702
26	36	0.04070067
82	83	0.04070377
39	61	0.04074955
23	77	0.04077864
3	50	0.04081035
9	84	0.04082584
15	77	0.0409565
29	79	0.04097366
3	51	0.0409894
15	31	0.04103184
7	59	0.04106569
26	68	0.04154444
6	22	0.0415566
11	39	0.04179764
3	61	0.0418117
46	54	0.04186964
11	62	0.04213428
6	51	0.04228401
58	62	0.04248619
6	81	0.04260349
6	82	0.04271364
46	53	0.04272485
22	73	0.04280901
71	72	0.04284191
22	72	0.04306424
32	83	0.04309988
1	7	0.04315376
7	20	0.04319
1	21	0.04323959
1	28	0.04367828
13	73	0.04422569
31	71	0.0443635
14	55	0.04458618
32	82	0.04495955
5	50	0.04524565
83	84	0.0452776
62	64	0.04579353
52	78	0.04595375
29	80	0.04598999
71	79	0.04609966
7	11	0.04614067
39	56	0.04634619
4	77	0.04643345
42	73	0.04647636
46	73	0.04648304
53	62	0.04658508
4	47	0.04663944
53	63	0.04688263
3	62	0.04688907
25	84	0.04709816
3	6	0.04713798
31	69	0.04749298
34	81	0.04787827
14	53	0.04811859
15	79	0.04816628
12	15	0.04844379
28	82	0.04892826
44	49	0.04946661
34	39	0.04983664
31	70	0.05045271
26	28	0.05063915
10	35	0.05076885
53	66	0.05077791
13	29	0.05088234
3	63	0.05108118
1	37	0.05111122
39	68	0.05122375
1	45	0.05125427
25	78	0.05170822
8	12	0.05202007
8	13	0.05221128
58	63	0.0529232
11	14	0.05295324
4	24	0.05319881
64	79	0.05333805
4	58	0.05355358
1	5	0.05363464
34	41	0.05380344
2	77	0.05388546
1	46	0.05456066
4	63	0.05473804
2	79	0.05507708
8	11	0.05554867
10	49	0.05661678
25	79	0.05670929
44	50	0.05685568
10	73	0.05696106
4	26	0.05707216
31	50	0.05717468
82	84	0.05751419
8	10	0.05789185
12	14	0.058815
55	65	0.05901527
7	36	0.05986214
50	73	0.05997133
4	25	0.06010103
48	52	0.06155205
4	65	0.06223202
55	67	0.06225967
69	75	0.06255341
11	79	0.06293106
4	49	0.06306839
4	48	0.06403255
1	3	0.06414223
1	6	0.06467342
10	48	0.06579113
50	83	0.0717454
48	77	0.07407856
1	2	0.07615471
46	55	0.07901478
80	82	0.08345222
1	4	0.08502769
55	66	0.09168053
11	15	0.09288883
51	52	0.1355619